   0.50000000  0.50000000  0.50000000
   0.67500000  0.50000000  0.50000000
   0.32500000  0.50000000  0.50000000
   0.50009869  0.49992779  0.49988956
   0.67487775  0.49993586  0.50008616
   0.32504816  0.50011835  0.49999674
   0.50019732  0.49985565  0.49977922
   0.67472535  0.49987170  0.50017228
   0.32512653  0.50023666  0.49999346
   0.50029581  0.49978363  0.49966906
   0.67454283  0.49980754  0.50025831
   0.32523511  0.50035489  0.49999012
   0.50039411  0.49971178  0.49955917
   0.67433027  0.49974335  0.50034422
   0.32537388  0.50047301  0.49998670
   0.50049213  0.49964018  0.49944965
   0.67408774  0.49967914  0.50042997
   0.32554282  0.50059098  0.49998317
   0.50058981  0.49956887  0.49934058
   0.67381537  0.49961489  0.50051550
   0.32574187  0.50070876  0.49997952
   0.50068704  0.49949792  0.49923207
   0.67351323  0.49955060  0.50060078
   0.32597101  0.50082631  0.49997570
   0.50078374  0.49942738  0.49912419
   0.67318149  0.49948626  0.50068577
   0.32623017  0.50094360  0.49997169
   0.50087980  0.49935732  0.49901704
   0.67282027  0.49942186  0.50077042
   0.32651928  0.50106059  0.49996747
   0.50097511  0.49928780  0.49891071
   0.67242973  0.49935741  0.50085470
   0.32683826  0.50117723  0.49996302
   0.50106956  0.49921887  0.49880529
   0.67201007  0.49929289  0.50093856
   0.32718702  0.50129350  0.49995830
   0.50116300  0.49915060  0.49870087
   0.67156150  0.49922829  0.50102195
   0.32756545  0.50140935  0.49995329
   0.50125529  0.49908303  0.49859754
   0.67108424  0.49916361  0.50110485
   0.32797343  0.50152474  0.49994796
   0.50134625  0.49901624  0.49849539
   0.67057855  0.49909886  0.50118721
   0.32841083  0.50163964  0.49994229
   0.50143572  0.49895028  0.49839450
   0.67004473  0.49903400  0.50126899
   0.32887749  0.50175401  0.49993624
   0.50152349  0.49888521  0.49829496
   0.66948308  0.49896905  0.50135014
   0.32937325  0.50186781  0.49992981
   0.50160935  0.49882108  0.49819685
   0.66889397  0.49890400  0.50143065
   0.32989790  0.50198100  0.49992295
   0.50169307  0.49875795  0.49810027
   0.66827779  0.49883883  0.50151045
   0.33045125  0.50209356  0.49991565
   0.50177437  0.49869589  0.49800528
   0.66763495  0.49877355  0.50158953
   0.33103305  0.50220544  0.49990788
   0.50185299  0.49863494  0.49791198
   0.66696594  0.49870814  0.50166784
   0.33164305  0.50231660  0.49989961
   0.50192861  0.49857516  0.49782043
   0.66627126  0.49864259  0.50174536
   0.33228095  0.50242702  0.49989082
   0.50200092  0.49851660  0.49773071
   0.66555149  0.49857691  0.50182204
   0.33294645  0.50253665  0.49988148
   0.50206955  0.49845932  0.49764290
   0.66480724  0.49851109  0.50189786
   0.33363918  0.50264547  0.49987158
   0.50213411  0.49840337  0.49755707
   0.66403918  0.49844512  0.50197280
   0.33435877  0.50275345  0.49986108
   0.50219419  0.49834880  0.49747327
   0.66324806  0.49837900  0.50204681
   0.33510479  0.50286054  0.49984997
   0.50224935  0.49829565  0.49739157
   0.66243468  0.49831272  0.50211989
   0.33587676  0.50296672  0.49983823
   0.50229913  0.49824398  0.49731203
   0.66159991  0.49824627  0.50219200
   0.33667416  0.50307195  0.49982582
   0.50234301  0.49819383  0.49723469
   0.66074469  0.49817965  0.50226314
   0.33749644  0.50317622  0.49981274
   0.50238048  0.49814524  0.49715961
   0.65987004  0.49811285  0.50233329
   0.33834297  0.50327949  0.49979896
   0.50241098  0.49809826  0.49708682
   0.65897705  0.49804587  0.50240243
   0.33921305  0.50338174  0.49978446
   0.50243396  0.49805291  0.49701635
   0.65806692  0.49797869  0.50247057
   0.34010594  0.50348296  0.49976922
   0.50244881  0.49800924  0.49694823
   0.65714090  0.49791131  0.50253769
   0.34102081  0.50358313  0.49975324
   0.50245494  0.49796728  0.49688247
   0.65620035  0.49784371  0.50260381
   0.34195676  0.50368223  0.49973648
   0.50245172  0.49792704  0.49681908
   0.65524670  0.49777590  0.50266893
   0.34291282  0.50378025  0.49971895
   0.50243855  0.49788854  0.49675805
   0.65428151  0.49770785  0.50273306
   0.34388790  0.50387719  0.49970063
   0.50241482  0.49785182  0.49669939
   0.65330639  0.49763956  0.50279623
   0.34488084  0.50397305  0.49968150
   0.50237992  0.49781687  0.49664305
   0.65232307  0.49757102  0.50285846
   0.34589035  0.50406783  0.49966156
   0.50233331  0.49778369  0.49658902
   0.65133339  0.49750221  0.50291978
   0.34691503  0.50416154  0.49964080
   0.50227444  0.49775229  0.49653724
   0.65033924  0.49743312  0.50298023
   0.34795337  0.50425421  0.49961923
   0.50220287  0.49772265  0.49648765
   0.64934262  0.49736373  0.50303985
   0.34900371  0.50434585  0.49959683
   0.50211821  0.49769475  0.49644019
   0.64834563  0.49729402  0.50309870
   0.35006426  0.50443651  0.49957360
   0.50202016  0.49766855  0.49639477
   0.64735042  0.49722397  0.50315683
   0.35113307  0.50452622  0.49954956
   0.50190857  0.49764402  0.49635130
   0.64635923  0.49715355  0.50321432
   0.35220803  0.50461506  0.49952472
   0.50178339  0.49762109  0.49630966
   0.64537436  0.49708275  0.50327122
   0.35328687  0.50470307  0.49949908
   0.50164474  0.49759971  0.49626973
   0.64439818  0.49701153  0.50332762
   0.35436713  0.50479035  0.49947265
   0.50149295  0.49757977  0.49623137
   0.64343310  0.49693986  0.50338360
   0.35544615  0.50487698  0.49944547
   0.50132855  0.49756119  0.49619444
   0.64248159  0.49686771  0.50343924
   0.35652109  0.50496307  0.49941755
   0.50115228  0.49754384  0.49615876
   0.64154610  0.49679505  0.50349464
   0.35758889  0.50504876  0.49938893
   0.50096519  0.49752760  0.49612418
   0.64062915  0.49672183  0.50354990
   0.35864630  0.50513417  0.49935963
   0.50076855  0.49751230  0.49609049
   0.63973320  0.49664801  0.50360512
   0.35968986  0.50521948  0.49932970
   0.50056394  0.49749776  0.49605751
   0.63886074  0.49657355  0.50366040
   0.36071592  0.50530484  0.49929918
   0.50035324  0.49748380  0.49602501
   0.63801420  0.49649840  0.50371586
   0.36172063  0.50539048  0.49926811
   0.50013862  0.49747018  0.49599280
   0.63719598  0.49642251  0.50377161
   0.36269996  0.50547659  0.49923655
   0.49992250  0.49745666  0.49596063
   0.63640845  0.49634583  0.50382774
   0.36364973  0.50556342  0.49920456
   0.49970760  0.49744299  0.49592829
   0.63565389  0.49626829  0.50388438
   0.36456561  0.50565123  0.49917220
   0.49949684  0.49742887  0.49589553
   0.63493452  0.49618984  0.50394164
   0.36544320  0.50574028  0.49913953
   0.49929332  0.49741401  0.49586212
   0.63425250  0.49611042  0.50399962
   0.36627800  0.50583086  0.49910663
   0.49910026  0.49739808  0.49582781
   0.63360989  0.49602996  0.50405844
   0.36706553  0.50592327  0.49907357
   0.49892094  0.49738077  0.49579236
   0.63300867  0.49594840  0.50411821
   0.36780137  0.50601782  0.49904041
   0.49875860  0.49736175  0.49575553
   0.63245069  0.49586568  0.50417904
   0.36848122  0.50611482  0.49900723
   0.49861634  0.49734068  0.49571710
   0.63193773  0.49578172  0.50424103
   0.36910096  0.50621459  0.49897409
   0.49849706  0.49731724  0.49567682
   0.63147147  0.49569647  0.50430430
   0.36965677  0.50631744  0.49894105
   0.49840331  0.49729113  0.49563450
   0.63105346  0.49560985  0.50436896
   0.37014515  0.50642367  0.49890817
   0.49833724  0.49726206  0.49558990
   0.63068516  0.49552181  0.50443510
   0.37056305  0.50653353  0.49887551
   0.49830049  0.49722978  0.49554285
   0.63036791  0.49543227  0.50450282
   0.37090789  0.50664731  0.49884310
   0.49829410  0.49719407  0.49549317
   0.63010295  0.49534117  0.50457224
   0.37117764  0.50676521  0.49881098
   0.49831851  0.49715479  0.49544070
   0.62989140  0.49524845  0.50464345
   0.37137087  0.50688742  0.49877916
   0.49837345  0.49711180  0.49538531
   0.62973425  0.49515405  0.50471655
   0.37148678  0.50701408  0.49874765
   0.49845799  0.49706505  0.49532687
   0.62963235  0.49505792  0.50479162
   0.37152521  0.50714531  0.49871644
   0.49857053  0.49701453  0.49526531
   0.62958641  0.49496001  0.50486876
   0.37148668  0.50728115  0.49868551
   0.49870885  0.49696031  0.49520055
   0.62959697  0.49486026  0.50494805
   0.37137228  0.50742160  0.49865484
   0.49887019  0.49690251  0.49513255
   0.62966441  0.49475864  0.50502957
   0.37118372  0.50756661  0.49862436
   0.49905130  0.49684130  0.49506131
   0.62978890  0.49465511  0.50511337
   0.37092328  0.50771609  0.49859404
   0.49924857  0.49677691  0.49498684
   0.62997040  0.49454964  0.50519953
   0.37059368  0.50786989  0.49856379
   0.49945816  0.49670961  0.49490918
   0.63020867  0.49444222  0.50528806
   0.37019808  0.50802784  0.49853355
   0.49967609  0.49663969  0.49482840
   0.63050319  0.49433282  0.50537901
   0.36973996  0.50818972  0.49850324
   0.49989835  0.49656749  0.49474462
   0.63085323  0.49422145  0.50547238
   0.36922308  0.50835529  0.49847277
   0.50012101  0.49649339  0.49465796
   0.63125775  0.49410810  0.50556815
   0.36865141  0.50852427  0.49844206
   0.50034036  0.49641776  0.49456859
   0.63171546  0.49399278  0.50566628
   0.36802904  0.50869637  0.49841101
   0.50055292  0.49634098  0.49447672
   0.63222482  0.49387552  0.50576673
   0.36736011  0.50887126  0.49837953
   0.50075556  0.49626344  0.49438255
   0.63278399  0.49375635  0.50586942
   0.36664882  0.50904864  0.49834753
   0.50094555  0.49618553  0.49428634
   0.63339090  0.49363529  0.50597425
   0.36589929  0.50922819  0.49831492
   0.50112054  0.49610762  0.49418838
   0.63404323  0.49351240  0.50608108
   0.36511560  0.50940956  0.49828163
   0.50127867  0.49603008  0.49408899
   0.63473842  0.49338773  0.50618976
   0.36430171  0.50959244  0.49824757
   0.50141847  0.49595327  0.49398848
   0.63547372  0.49326134  0.50630012
   0.36346145  0.50977650  0.49821265
   0.50153893  0.49587751  0.49388722
   0.63624624  0.49313330  0.50641197
   0.36259850  0.50996140  0.49817682
   0.50163941  0.49580311  0.49378557
   0.63705292  0.49300369  0.50652510
   0.36171639  0.51014687  0.49813999
   0.50171966  0.49573038  0.49368393
   0.63789059  0.49287257  0.50663929
   0.36081848  0.51033258  0.49810211
   0.50177975  0.49565958  0.49358270
   0.63875604  0.49274005  0.50675428
   0.35990792  0.51051824  0.49806311
   0.50182005  0.49559098  0.49348227
   0.63964602  0.49260621  0.50686984
   0.35898769  0.51070359  0.49802294
   0.50184119  0.49552480  0.49338307
   0.64055724  0.49247112  0.50698570
   0.35806060  0.51088836  0.49798154
   0.50184395  0.49546126  0.49328550
   0.64148646  0.49233488  0.50710160
   0.35712931  0.51107229  0.49793889
   0.50182928  0.49540056  0.49318994
   0.64243041  0.49219760  0.50721728
   0.35619638  0.51125514  0.49789495
   0.50179827  0.49534286  0.49309681
   0.64338592  0.49205937  0.50733246
   0.35526414  0.51143669  0.49784968
   0.50175209  0.49528832  0.49300647
   0.64434993  0.49192029  0.50744690
   0.35433480  0.51161670  0.49780305
   0.50169199  0.49523710  0.49291930
   0.64531947  0.49178046  0.50756035
   0.35341037  0.51179499  0.49775504
   0.50161922  0.49518930  0.49283564
   0.64629171  0.49163997  0.50767256
   0.35249276  0.51197136  0.49770563
   0.50153505  0.49514505  0.49275584
   0.64726392  0.49149892  0.50778329
   0.35158374  0.51214563  0.49765480
   0.50144071  0.49510444  0.49268022
   0.64823353  0.49135741  0.50789233
   0.35068494  0.51231763  0.49760254
   0.50133741  0.49506757  0.49260905
   0.64919813  0.49121552  0.50799945
   0.34979789  0.51248719  0.49754884
   0.50122630  0.49503451  0.49254263
   0.65015541  0.49107336  0.50810445
   0.34892402  0.51265417  0.49749370
   0.50110849  0.49500532  0.49248118
   0.65110326  0.49093101  0.50820717
   0.34806461  0.51281843  0.49743711
   0.50098502  0.49498006  0.49242496
   0.65203967  0.49078856  0.50830742
   0.34722089  0.51297985  0.49737907
   0.50085684  0.49495877  0.49237415
   0.65296278  0.49064609  0.50840505
   0.34639399  0.51313830  0.49731959
   0.50072488  0.49494149  0.49232894
   0.65387089  0.49050369  0.50849990
   0.34558495  0.51329367  0.49725867
   0.50058995  0.49492825  0.49228949
   0.65476241  0.49036144  0.50859186
   0.34479471  0.51344587  0.49719632
   0.50045283  0.49491906  0.49225595
   0.65563589  0.49021941  0.50868080
   0.34402417  0.51359479  0.49713256
   0.50031422  0.49491395  0.49222844
   0.65649001  0.49007768  0.50876661
   0.34327411  0.51374035  0.49706740
   0.50017473  0.49491292  0.49220706
   0.65732355  0.48993633  0.50884919
   0.34254529  0.51388247  0.49700086
   0.50003493  0.49491597  0.49219190
   0.65813541  0.48979543  0.50892848
   0.34183837  0.51402109  0.49693297
   0.49989534  0.49492309  0.49218302
   0.65892459  0.48965504  0.50900438
   0.34115398  0.51415614  0.49686373
   0.49975640  0.49493427  0.49218047
   0.65969020  0.48951523  0.50907685
   0.34049267  0.51428755  0.49679317
   0.49961852  0.49494949  0.49218429
   0.66043141  0.48937607  0.50914582
   0.33985496  0.51441528  0.49672133
   0.49948205  0.49496873  0.49219450
   0.66114750  0.48923763  0.50921126
   0.33924132  0.51453928  0.49664823
   0.49934731  0.49499197  0.49221111
   0.66183782  0.48909995  0.50927313
   0.33865215  0.51465951  0.49657390
   0.49921457  0.49501917  0.49223410
   0.66250177  0.48896311  0.50933140
   0.33808784  0.51477594  0.49649836
   0.49908408  0.49505030  0.49226347
   0.66313884  0.48882715  0.50938605
   0.33754873  0.51488853  0.49642166
   0.49895604  0.49508531  0.49229918
   0.66374857  0.48869214  0.50943708
   0.33703512  0.51499725  0.49634383
   0.49883062  0.49512416  0.49234120
   0.66433056  0.48855813  0.50948447
   0.33654728  0.51510210  0.49626489
   0.49870799  0.49516682  0.49238947
   0.66488446  0.48842516  0.50952823
   0.33608543  0.51520304  0.49618490
   0.49858828  0.49521322  0.49244394
   0.66540998  0.48829330  0.50956835
   0.33564978  0.51530008  0.49610389
   0.49847161  0.49526331  0.49250454
   0.66590685  0.48816258  0.50960485
   0.33524050  0.51539319  0.49602190
   0.49835806  0.49531704  0.49257120
   0.66637485  0.48803306  0.50963774
   0.33485773  0.51548238  0.49593897
   0.49824773  0.49537434  0.49264385
   0.66681380  0.48790478  0.50966704
   0.33450160  0.51556765  0.49585513
   0.49814069  0.49543515  0.49272239
   0.66722355  0.48777779  0.50969277
   0.33417221  0.51564899  0.49577043
   0.49803700  0.49549942  0.49280674
   0.66760398  0.48765212  0.50971496
   0.33386962  0.51572641  0.49568493
   0.49793671  0.49556705  0.49289679
   0.66795499  0.48752784  0.50973364
   0.33359390  0.51579992  0.49559865
   0.49783988  0.49563800  0.49299245
   0.66827651  0.48740498  0.50974883
   0.33334507  0.51586952  0.49551165
   0.49774655  0.49571218  0.49309361
   0.66856849  0.48728357  0.50976057
   0.33312315  0.51593524  0.49542397
   0.49765677  0.49578951  0.49320016
   0.66883090  0.48716367  0.50976890
   0.33292813  0.51599709  0.49533566
   0.49757056  0.49586992  0.49331197
   0.66906375  0.48704531  0.50977386
   0.33276000  0.51605509  0.49524677
   0.49748799  0.49595332  0.49342893
   0.66926703  0.48692854  0.50977548
   0.33261871  0.51610926  0.49515734
   0.49740908  0.49603963  0.49355093
   0.66944078  0.48681338  0.50977381
   0.33250420  0.51615962  0.49506743
   0.49733388  0.49612877  0.49367783
   0.66958502  0.48669989  0.50976889
   0.33241640  0.51620619  0.49497709
   0.49726243  0.49622065  0.49380950
   0.66969983  0.48658809  0.50976077
   0.33235523  0.51624902  0.49488635
   0.49719479  0.49631517  0.49394582
   0.66978525  0.48647803  0.50974950
   0.33232059  0.51628813  0.49479529
   0.49713101  0.49641225  0.49408665
   0.66984136  0.48636973  0.50973513
   0.33231235  0.51632354  0.49470394
   0.49707114  0.49651179  0.49423185
   0.66986827  0.48626325  0.50971771
   0.33233039  0.51635531  0.49461237
   0.49701525  0.49661368  0.49438129
   0.66986607  0.48615861  0.50969729
   0.33237455  0.51638345  0.49452061
   0.49696341  0.49671784  0.49453482
   0.66983487  0.48605585  0.50967392
   0.33244466  0.51640802  0.49442872
   0.49691570  0.49682416  0.49469230
   0.66977478  0.48595501  0.50964766
   0.33254056  0.51642906  0.49433676
   0.49687220  0.49693253  0.49485359
   0.66968595  0.48585610  0.50961856
   0.33266205  0.51644661  0.49424478
   0.49683301  0.49704286  0.49501853
   0.66956851  0.48575918  0.50958669
   0.33280891  0.51646071  0.49415284
   0.49679822  0.49715502  0.49518698
   0.66942262  0.48566428  0.50955210
   0.33298092  0.51647141  0.49406097
   0.49676793  0.49726891  0.49535879
   0.66924844  0.48557142  0.50951485
   0.33317784  0.51647877  0.49396924
   0.49674227  0.49738442  0.49553381
   0.66904614  0.48548064  0.50947501
   0.33339940  0.51648284  0.49387770
   0.49672135  0.49750144  0.49571188
   0.66881590  0.48539197  0.50943263
   0.33364534  0.51648367  0.49378641
   0.49670532  0.49761983  0.49589285
   0.66855793  0.48530544  0.50938778
   0.33391535  0.51648132  0.49369541
   0.49669430  0.49773949  0.49607655
   0.66827244  0.48522108  0.50934053
   0.33420911  0.51647585  0.49360476
   0.49668844  0.49786029  0.49626284
   0.66795964  0.48513893  0.50929093
   0.33452630  0.51646732  0.49351451
   0.49668790  0.49798212  0.49645155
   0.66761979  0.48505900  0.50923907
   0.33486656  0.51645580  0.49342471
   0.49669283  0.49810484  0.49664253
   0.66725314  0.48498133  0.50918500
   0.33522951  0.51644135  0.49333541
   0.49670341  0.49822832  0.49683562
   0.66685995  0.48490593  0.50912881
   0.33561475  0.51642404  0.49324666
   0.49671981  0.49835244  0.49703064
   0.66644053  0.48483285  0.50907056
   0.33602186  0.51640395  0.49315851
   0.49674220  0.49847707  0.49722744
   0.66599518  0.48476209  0.50901032
   0.33645041  0.51638116  0.49307101
   0.49677076  0.49860208  0.49742585
   0.66552424  0.48469367  0.50894818
   0.33689991  0.51635573  0.49298420
   0.49680568  0.49872733  0.49762572
   0.66502806  0.48462763  0.50888421
   0.33736987  0.51632775  0.49289814
   0.49684713  0.49885269  0.49782687
   0.66450704  0.48456397  0.50881848
   0.33785978  0.51629730  0.49281286
   0.49689531  0.49897804  0.49802915
   0.66396158  0.48450270  0.50875109
   0.33836908  0.51626448  0.49272840
   0.49695037  0.49910322  0.49823238
   0.66339212  0.48444384  0.50868212
   0.33889720  0.51622936  0.49264482
   0.49701250  0.49922812  0.49843640
   0.66279915  0.48438739  0.50861164
   0.33944354  0.51619205  0.49256214
   0.49708184  0.49935260  0.49864104
   0.66218318  0.48433337  0.50853975
   0.34000745  0.51615263  0.49248040
   0.49715855  0.49947653  0.49884615
   0.66154476  0.48428176  0.50846654
   0.34058828  0.51611120  0.49239965
   0.49724276  0.49959978  0.49905155
   0.66088450  0.48423256  0.50839209
   0.34118532  0.51606787  0.49231990
   0.49733458  0.49972223  0.49925708
   0.66020304  0.48418577  0.50831651
   0.34179786  0.51602274  0.49224119
   0.49743408  0.49984375  0.49946258
   0.65950107  0.48414137  0.50823989
   0.34242513  0.51597592  0.49216354
   0.49754133  0.49996423  0.49966790
   0.65877934  0.48409934  0.50816232
   0.34306635  0.51592751  0.49208699
   0.49765635  0.50008354  0.49987285
   0.65803865  0.48405965  0.50808391
   0.34372070  0.51587764  0.49201154
   0.49777910  0.50020159  0.50007730
   0.65727988  0.48402226  0.50800476
   0.34438732  0.51582641  0.49193721
   0.49790953  0.50031828  0.50028108
   0.65650396  0.48398714  0.50792497
   0.34506532  0.51577394  0.49186402
   0.49804752  0.50043350  0.50048404
   0.65571190  0.48395422  0.50784466
   0.34575380  0.51572036  0.49179197
   0.49819288  0.50054719  0.50068602
   0.65490479  0.48392344  0.50776394
   0.34645179  0.51566579  0.49172107
   0.49834538  0.50065927  0.50088688
   0.65408379  0.48389473  0.50768291
   0.34715831  0.51561037  0.49165132
   0.49850468  0.50076967  0.50108647
   0.65325019  0.48386801  0.50760170
   0.34787233  0.51555421  0.49158271
   0.49867039  0.50087836  0.50128464
   0.65240531  0.48384317  0.50752041
   0.34859281  0.51549745  0.49151523
   0.49884201  0.50098531  0.50148126
   0.65155062  0.48382010  0.50743917
   0.34931867  0.51544024  0.49144887
   0.49901896  0.50109050  0.50167619
   0.65068767  0.48379869  0.50735809
   0.35004879  0.51538269  0.49138361
   0.49920054  0.50119393  0.50186931
   0.64981810  0.48377877  0.50727730
   0.35078204  0.51532496  0.49131943
   0.49938596  0.50129563  0.50206049
   0.64894370  0.48376021  0.50719691
   0.35151726  0.51526718  0.49125630
   0.49957431  0.50139565  0.50224961
   0.64806632  0.48374281  0.50711705
   0.35225324  0.51520949  0.49119419
   0.49976457  0.50149404  0.50243656
   0.64718796  0.48372639  0.50703784
   0.35298877  0.51515205  0.49113306
   0.49995559  0.50159090  0.50262125
   0.64631072  0.48371074  0.50695940
   0.35372261  0.51509499  0.49107286
   0.50014613  0.50168634  0.50280359
   0.64543682  0.48369561  0.50688183
   0.35445348  0.51503847  0.49101355
   0.50033481  0.50178050  0.50298348
   0.64456858  0.48368076  0.50680527
   0.35518008  0.51498264  0.49095507
   0.50052016  0.50187354  0.50316086
   0.64370844  0.48366591  0.50672983
   0.35590108  0.51492765  0.49089735
   0.50070060  0.50196564  0.50333568
   0.64285893  0.48365078  0.50665561
   0.35661514  0.51487364  0.49084034
   0.50087446  0.50205701  0.50350788
   0.64202267  0.48363504  0.50658273
   0.35732088  0.51482079  0.49078395
   0.50104003  0.50214789  0.50367744
   0.64120236  0.48361838  0.50651128
   0.35801689  0.51476923  0.49072811
   0.50119554  0.50223851  0.50384434
   0.64040075  0.48360044  0.50644136
   0.35870177  0.51471914  0.49067274
   0.50133919  0.50232915  0.50400859
   0.63962062  0.48358087  0.50637306
   0.35937406  0.51467066  0.49061774
   0.50146920  0.50242009  0.50417021
   0.63886479  0.48355931  0.50630646
   0.36003231  0.51462396  0.49056302
   0.50158382  0.50251162  0.50432925
   0.63813604  0.48353537  0.50624163
   0.36067501  0.51457919  0.49050846
   0.50168140  0.50260402  0.50448576
   0.63743714  0.48350867  0.50617864
   0.36130066  0.51453652  0.49045396
   0.50176038  0.50269760  0.50463983
   0.63677078  0.48347884  0.50611755
   0.36190772  0.51449611  0.49039939
   0.50181940  0.50279263  0.50479156
   0.63613955  0.48344549  0.50605840
   0.36249464  0.51445812  0.49034463
   0.50185727  0.50288938  0.50494109
   0.63554593  0.48340826  0.50600124
   0.36305984  0.51442271  0.49028955
   0.50187306  0.50298811  0.50508856
   0.63499220  0.48336681  0.50594610
   0.36360172  0.51439005  0.49023399
   0.50186612  0.50308904  0.50523413
   0.63448047  0.48332079  0.50589299
   0.36411865  0.51436030  0.49017781
