0.175 0.175
0.174779170759 0.175050666534
0.174528473349 0.175071335685
0.174248017969 0.175061926477
0.173937934493 0.1750224076
0.173598382356 0.174952707135
0.173229550574 0.174852823013
0.172831617744 0.174722662367
0.172404832311 0.174562212346
0.171949422013 0.17437142937
0.171465654468 0.174150279443
0.17095383669 0.173898738462
0.17041432525 0.173616761499
0.169847476739 0.173304323625
0.169253726944 0.172961369206
0.168633531526 0.172587892405
0.167987395441 0.172183837132
0.167315894125 0.171749196728
0.166619641119 0.171283924568
0.165899321509 0.170787983135
0.165155678377 0.170261354888
0.164389525917 0.169704012574
0.16360174683 0.169115937867
0.162793314087 0.168497122838
0.161965280558 0.167847539065
0.161118798475 0.167167198018
0.160255100539 0.166456131589
0.159375508222 0.165714390208
0.158481474429 0.164941996449
0.157574520538 0.164139061099
0.15665628851 0.163305715695
0.155728521032 0.162442142972
0.154793069489 0.161548554666
0.153851877132 0.160625252715
0.152906996248 0.15967257099
0.151960580069 0.158690993195
0.151014841686 0.15768106193
0.150072115983 0.156643453174
0.149134776606 0.155579022011
0.148205259653 0.154488725388
0.147286001298 0.153373780038
0.146379488658 0.152235584857
0.145488169892 0.151075789809
0.144614434891 0.149896356425
0.14376063367 0.1486995067
0.142929018743 0.147487824607
0.142121673438 0.146264307002
0.141340541752 0.145032329973
0.140587341237 0.14379570498
0.139863548881 0.142558740506
0.139170365419 0.14132618256
0.138508710884 0.140103274838
0.137879150327 0.138895766104
0.137281926806 0.137709875382
0.136717006661 0.13655222621
0.13618396768 0.135429891889
0.135682129425 0.134350219462
0.135210571034 0.133320836945
0.134768154938 0.132349475816
0.134353603594 0.131443866721
0.133965550328 0.130611582668
0.133602697467 0.129859878019
0.133263851143 0.129195507371
0.132948034167 0.128624553677
0.132654581381 0.128152249372
0.132383214684 0.127782847269
0.132134157918 0.127519445525
0.131908112422 0.127363938002
0.131706357484 0.127316878312
0.131530691418 0.127377515539
0.131383439278 0.127543742242
0.131267375701 0.127812255935
0.131185651536 0.128178587865
0.131141692038 0.128637205924
0.131139073534 0.129181769215
0.131181393775 0.129805264415
0.131272110957 0.130500212726
0.131414494384 0.131258818831
0.131611422118 0.132073150983
0.131865295477 0.132935374732
0.132178031716 0.133837829026
0.132550895927 0.134773143166
0.132984516771 0.135734420015
0.133478885959 0.13671517841
0.13403326273 0.137709545665
0.13464632568 0.138712164813
0.135316146186 0.139718286972
0.13604025532 0.140723686529
0.136815681147 0.141724687633
0.137639086735 0.142718148805
0.138506800876 0.143701397795
0.139414845092 0.144672191395
0.140359144591 0.145628586914
0.141335427185 0.146568913445
0.142339374981 0.147491872292
0.143366710283 0.148396363042
0.144413163238 0.149281569299
0.145474607067 0.150146779561
0.14654699611 0.150991439824
0.147626489927 0.151815102452
0.148709432183 0.152617400083
0.149792325426 0.15339801174
0.150871925125 0.154156729777
0.151945149625 0.154893328845
0.153009169486 0.155607598522
0.154061333225 0.156299400604
0.155099227734 0.156968582964
0.156120608885 0.157615005268
0.157123448144 0.158238569949
0.158105909334 0.158839115776
0.159066322068 0.159416545411
0.160003165152 0.159970743053
0.160915114374 0.160501595449
0.161800933559 0.161008996072
0.162659562743 0.1614928286
0.163490043324 0.161953019464
0.164291518996 0.162389460849
0.165063244305 0.162802073738
0.165804578293 0.1631907745
0.166514968085 0.163555482548
0.167193918118 0.163896163536
0.167841026872 0.164212764306
0.168455930624 0.164505255728
0.169038353264 0.164773604446
0.169588039907 0.165017808669
0.170104798596 0.165237865845
0.170588477709 0.165433804763
0.17103895448 0.16560564083
0.171456127726 0.165753441253
0.171839937755 0.165877263545
0.172190333765 0.165977201705
0.172507338338 0.166053320432
0.172790899454 0.166105775957
0.173041068332 0.16613468397
0.17325784606 0.166140200072
0.173441304612 0.166122484398
0.173591452865 0.166081734565
0.17370835366 0.166018165273
0.173792095817 0.165931988453
0.173842728693 0.16582347033
0.173860323427 0.165692889248
0.173844938819 0.165540524231
0.173796673817 0.165366693536
0.173715588478 0.165171752121
0.173601777795 0.164956050512
0.173455330379 0.16471996575
0.173276313017 0.164463933817
0.173064821336 0.164188359904
0.172820938837 0.163893742651
0.172544782246 0.163580554777
0.172236430754 0.163249301783
0.171896011348 0.162900536195
0.171523640982 0.162534821952
0.171119422336 0.162152771302
0.170683513512 0.161755004678
0.170216063215 0.161342152863
0.169717250065 0.160914912369
0.16918724618 0.160473992619
0.168626298159 0.160020099282
0.168034621543 0.159554017676
0.167412516351 0.159076491177
0.166760295317 0.158588331876
0.166078337538 0.158090349127
0.165367043202 0.157583371763
0.164626900014 0.157068258026
0.163858445385 0.156545841871
0.163062304522 0.156016978159
0.162239162272 0.155482526191
0.161389803613 0.154943338452
0.160515152437 0.154400240404
0.159616190955 0.1538540765
0.158694051927 0.15330563369
0.157750019814 0.152755689874
0.156785484578 0.152204996945
0.155802077001 0.15165424143
0.154801512115 0.151104067393
0.153785762326 0.150555049916
0.152756958184 0.150007717961
0.151717446373 0.149462494021
0.150669809049 0.148919733987
0.149616816455 0.148379722849
0.148561492599 0.147842638691
0.147507097268 0.147308554395
0.146457102962 0.146777493788
0.145415222983 0.146249358252
0.144385383147 0.145723991729
0.143371708577 0.145201135564
0.14237851266 0.144680485226
0.141410226437 0.144161721502
0.140471394445 0.143644462687
0.139566624249 0.143128354524
0.138700543394 0.14261305661
0.13787771411 0.14209832236
0.137102586326 0.141583996731
0.136379443101 0.14107005876
0.135712266969 0.140556700987
0.135104758492 0.140044321198
0.134560158379 0.139533601512
0.134081257566 0.139025535659
